points = [
    [2.309017, 0.951057, -5],
    [3, 0, -5],
    [2.309017, -0.951057, -5],
    [1.190983, 0.587785, -5],
    [1.190983, -0.587785, -5],
    [-0.785667, 1.070821, 5],
    [-0.520945, 2.954423, 5],
    [-1.337564, 2.108788, 5],
    [0.372043, 1.274957, 5],
    [0.535651, 2.439087, 5],
    [2.873969, 0.86041, -3.333333],
    [1.939248, 1.573336, -3.333333],
    [0.972371, 0.90467, -3.333333],
    [1.309528, -0.221514, -3.333333],
    [2.48478, -0.248869, -3.333333],
    [2.506464, 1.648527, -1.666667],
    [1.406541, 2.063422, -1.666667],
    [0.672059, 1.145543, -1.666667],
    [1.318045, 0.163368, -1.666667],
    [2.45177, 0.474229, -1.666667],
    [1.928363, 2.298133, 0],
    [0.755656, 2.380137, 0],
    [0.315279, 1.290167, 0],
    [1.215819, 0.534525, 0],
    [2.212759, 1.157482, 0],
    [1.188239, 2.754648, 1.666667],
    [0.041279, 2.496871, 1.666667],
    [-0.06799, 1.32639, 1.666667],
    [1.011438, 0.86077, 1.666667],
    [1.78783, 1.743482, 1.666667],
    [0.348279, 2.979715, 3.333333],
    [-0.676565, 2.403815, 3.333333],
    [-0.445546, 1.251168, 3.333333],
    [0.722076, 1.114692, 3.333333],
    [1.212686, 2.182993, 3.333333]
];

faces = [
    [0, 1, 2],
    [3, 2, 4],
    [0, 2, 3],
    [5, 6, 7],
    [8, 9, 6],
    [5, 8, 6],
    [0, 10, 1],
    [0, 11, 10],
    [3, 11, 0],
    [3, 12, 11],
    [4, 13, 3],
    [12, 3, 13],
    [2, 13, 4],
    [2, 14, 13],
    [1, 14, 2],
    [1, 10, 14],
    [11, 15, 10],
    [11, 16, 15],
    [12, 16, 11],
    [12, 17, 16],
    [13, 18, 12],
    [17, 12, 18],
    [14, 18, 13],
    [14, 19, 18],
    [10, 19, 14],
    [10, 15, 19],
    [16, 20, 15],
    [16, 21, 20],
    [17, 21, 16],
    [17, 22, 21],
    [18, 23, 17],
    [22, 17, 23],
    [19, 23, 18],
    [19, 24, 23],
    [15, 24, 19],
    [15, 20, 24],
    [21, 25, 20],
    [21, 26, 25],
    [22, 26, 21],
    [22, 27, 26],
    [23, 28, 22],
    [27, 22, 28],
    [24, 28, 23],
    [24, 29, 28],
    [20, 29, 24],
    [20, 25, 29],
    [26, 30, 25],
    [26, 31, 30],
    [27, 31, 26],
    [27, 32, 31],
    [28, 33, 27],
    [32, 27, 33],
    [29, 33, 28],
    [29, 34, 33],
    [25, 34, 29],
    [25, 30, 34],
    [31, 6, 30],
    [31, 7, 6],
    [32, 7, 31],
    [32, 5, 7],
    [33, 8, 32],
    [5, 32, 8],
    [34, 8, 33],
    [34, 9, 8],
    [30, 9, 34],
    [30, 6, 9]
];
